27290980
35065393
36427486
38325249
38843649
38992466
38124208
34762729
37533337
38018248
38699880
31792941
30829672
33329766
34352966
36317427
37919917
37205803
37061429
26556848
31729018
34251028
32467512
32017012
30378102
33413977
24951446
31096732
31163107
31591858
32209961
37073521
37750295
38228393
30139213
30086609
29969889
30513567
34397527
37417808
28177176
31435997
31538393
31437328
32298502
34403548
34837438
34741785
34758163
34878697
34902201
34877746
34877744
34379843
35293066
36178188
36017580
36424875
36264219
35266610
35656935
35993398
35150181
36876548
37326251
38146668
38146636
37650686
37800662
37199294
37449338
38462998
39148245
39403896
38546348
38738779
38980227
26534956
37972480
39043129
33812665
37720558
38481418
38899313
39099754
37588272
29334501
28045707
33201518
34013531
30161070
30929307